NACA 0012
     1.000000    0.001260
     0.989752    0.002689
     0.970573    0.005315
     0.947558    0.008388
     0.922423    0.011648
     0.896441    0.014919
     0.870164    0.018129
     0.843781    0.021254
     0.817353    0.024289
     0.790903    0.027233
     0.764441    0.030086
     0.737972    0.032846
     0.711501    0.035511
     0.685035    0.038079
     0.658577    0.040547
     0.632134    0.042910
     0.605710    0.045162
     0.579312    0.047297
     0.552944    0.049308
     0.526614    0.051185
     0.500328    0.052920
     0.474095    0.054500
     0.447921    0.055913
     0.421817    0.057147
     0.395793    0.058184
     0.369862    0.059009
     0.344039    0.059602
     0.318340    0.059942
     0.292789    0.060006
     0.267413    0.059768
     0.242248    0.059199
     0.217342    0.058268
     0.192766    0.056938
     0.168622    0.055173
     0.145079    0.052938
     0.122411    0.050210
     0.101066    0.047007
     0.081669    0.043417
     0.064856    0.039622
     0.050934    0.035828
     0.039736    0.032184
     0.030804    0.028741
     0.023640    0.025487
     0.017839    0.022378
     0.013103    0.019365
     0.009231    0.016400
     0.006097    0.013441
     0.003633    0.010460
     0.001813    0.007446
     0.000630    0.004422
     0.000066    0.001444
     0.000066   -0.001444
     0.000630   -0.004422
     0.001813   -0.007447
     0.003633   -0.010460
     0.006097   -0.013441
     0.009231   -0.016400
     0.013103   -0.019365
     0.017839   -0.022378
     0.023640   -0.025487
     0.030804   -0.028741
     0.039736   -0.032184
     0.050934   -0.035828
     0.064856   -0.039622
     0.081669   -0.043418
     0.101066   -0.047007
     0.122411   -0.050210
     0.145079   -0.052938
     0.168623   -0.055173
     0.192766   -0.056938
     0.217342   -0.058268
     0.242248   -0.059199
     0.267413   -0.059768
     0.292789   -0.060006
     0.318340   -0.059942
     0.344039   -0.059602
     0.369862   -0.059009
     0.395793   -0.058184
     0.421817   -0.057147
     0.447921   -0.055913
     0.474095   -0.054500
     0.500329   -0.052920
     0.526614   -0.051185
     0.552944   -0.049308
     0.579312   -0.047297
     0.605710   -0.045162
     0.632134   -0.042910
     0.658577   -0.040547
     0.685035   -0.038079
     0.711501   -0.035511
     0.737972   -0.032846
     0.764441   -0.030086
     0.790903   -0.027233
     0.817353   -0.024289
     0.843781   -0.021254
     0.870164   -0.018129
     0.896441   -0.014919
     0.922423   -0.011648
     0.947558   -0.008388
     0.970573   -0.005315
     0.989752   -0.002689
     1.000000   -0.001260
