NACA 6512
     1.000000    0.000000
     0.998825    0.000448
     0.996688    0.001260
     0.993938    0.002301
     0.990701    0.003520
     0.987052    0.004886
     0.983043    0.006377
     0.978711    0.007976
     0.974086    0.009669
     0.969195    0.011446
     0.964056    0.013296
     0.958688    0.015210
     0.953107    0.017180
     0.947326    0.019200
     0.941357    0.021264
     0.935212    0.023365
     0.928901    0.025497
     0.922433    0.027657
     0.915817    0.029839
     0.909061    0.032038
     0.902171    0.034252
     0.895156    0.036475
     0.888021    0.038705
     0.880773    0.040938
     0.873418    0.043170
     0.865961    0.045399
     0.858407    0.047622
     0.850762    0.049836
     0.843030    0.052038
     0.835217    0.054226
     0.827325    0.056398
     0.819360    0.058552
     0.811326    0.060684
     0.803226    0.062794
     0.795065    0.064879
     0.786845    0.066938
     0.778572    0.068969
     0.770247    0.070969
     0.761875    0.072939
     0.753458    0.074875
     0.745001    0.076777
     0.736505    0.078644
     0.727973    0.080473
     0.719410    0.082264
     0.710817    0.084016
     0.702198    0.085728
     0.693554    0.087398
     0.684889    0.089026
     0.676206    0.090610
     0.667506    0.092151
     0.658792    0.093646
     0.650067    0.095095
     0.641333    0.096498
     0.632592    0.097853
     0.623847    0.099161
     0.615100    0.100420
     0.606352    0.101630
     0.597607    0.102790
     0.588866    0.103901
     0.580132    0.104961
     0.571405    0.105969
     0.562689    0.106927
     0.553986    0.107833
     0.545297    0.108687
     0.536624    0.109489
     0.527969    0.110239
     0.519334    0.110936
     0.510721    0.111580
     0.502131    0.112171
     0.493567    0.112710
     0.485030    0.113195
     0.476521    0.113627
     0.468043    0.114007
     0.459598    0.114333
     0.451186    0.114606
     0.442810    0.114826
     0.434471    0.114994
     0.426171    0.115109
     0.417911    0.115171
     0.409693    0.115181
     0.401518    0.115140
     0.393388    0.115046
     0.385305    0.114901
     0.377270    0.114705
     0.369284    0.114458
     0.361349    0.114161
     0.353467    0.113814
     0.345638    0.113418
     0.337864    0.112972
     0.330147    0.112478
     0.322488    0.111936
     0.314888    0.111346
     0.307349    0.110710
     0.299872    0.110027
     0.292459    0.109299
     0.285110    0.108525
     0.277827    0.107708
     0.270611    0.106846
     0.263464    0.105942
     0.256387    0.104996
     0.249381    0.104008
     0.242448    0.102980
     0.235588    0.101912
     0.228802    0.100805
     0.222093    0.099661
     0.215461    0.098479
     0.208908    0.097261
     0.202435    0.096008
     0.196042    0.094720
     0.189731    0.093400
     0.183503    0.092047
     0.177360    0.090662
     0.171302    0.089248
     0.165331    0.087804
     0.159448    0.086332
     0.153654    0.084834
     0.147949    0.083309
     0.142336    0.081759
     0.136815    0.080186
     0.131387    0.078589
     0.126053    0.076972
     0.120815    0.075334
     0.115674    0.073677
     0.110630    0.072002
     0.105684    0.070310
     0.100839    0.068602
     0.096094    0.066880
     0.091450    0.065145
     0.086910    0.063397
     0.082473    0.061639
     0.078141    0.059870
     0.073915    0.058093
     0.069796    0.056309
     0.065784    0.054518
     0.061881    0.052722
     0.058089    0.050922
     0.054406    0.049119
     0.050836    0.047315
     0.047378    0.045510
     0.044034    0.043705
     0.040804    0.041902
     0.037690    0.040101
     0.034693    0.038304
     0.031813    0.036512
     0.029051    0.034726
     0.026409    0.032946
     0.023886    0.031174
     0.021485    0.029410
     0.019206    0.027656
     0.017050    0.025912
     0.015018    0.024180
     0.013111    0.022459
     0.011329    0.020751
     0.009674    0.019057
     0.008146    0.017377
     0.006746    0.015712
     0.005476    0.014062
     0.004336    0.012429
     0.003327    0.010812
     0.002449    0.009213
     0.001704    0.007631
     0.001093    0.006067
     0.000616    0.004522
     0.000274    0.002995
     0.000069    0.001488
     0.000000   -0.000000
     0.000069   -0.001455
     0.000274   -0.002864
     0.000616   -0.004226
     0.001093   -0.005543
     0.001704   -0.006814
     0.002449   -0.008040
     0.003327   -0.009221
     0.004336   -0.010357
     0.005476   -0.011448
     0.006746   -0.012495
     0.008146   -0.013499
     0.009674   -0.014459
     0.011329   -0.015375
     0.013111   -0.016248
     0.015018   -0.017079
     0.017050   -0.017868
     0.019206   -0.018614
     0.021485   -0.019319
     0.023886   -0.019982
     0.026409   -0.020605
     0.029051   -0.021186
     0.031813   -0.021728
     0.034693   -0.022230
     0.037690   -0.022692
     0.040804   -0.023115
     0.044034   -0.023499
     0.047378   -0.023846
     0.050836   -0.024154
     0.054406   -0.024425
     0.058089   -0.024659
     0.061881   -0.024857
     0.065784   -0.025019
     0.069796   -0.025145
     0.073915   -0.025236
     0.078141   -0.025293
     0.082473   -0.025316
     0.086910   -0.025306
     0.091450   -0.025263
     0.096094   -0.025188
     0.100839   -0.025081
     0.105684   -0.024943
     0.110630   -0.024774
     0.115674   -0.024576
     0.120815   -0.024349
     0.126053   -0.024093
     0.131387   -0.023810
     0.136815   -0.023499
     0.142336   -0.023162
     0.147949   -0.022800
     0.153654   -0.022412
     0.159448   -0.022001
     0.165331   -0.021566
     0.171302   -0.021108
     0.177360   -0.020629
     0.183503   -0.020128
     0.189731   -0.019608
     0.196042   -0.019068
     0.202435   -0.018509
     0.208908   -0.017933
     0.215461   -0.017341
     0.222093   -0.016732
     0.228802   -0.016108
     0.235588   -0.015471
     0.242448   -0.014820
     0.249381   -0.014157
     0.256387   -0.013482
     0.263464   -0.012798
     0.270611   -0.012103
     0.277827   -0.011401
     0.285110   -0.010691
     0.292459   -0.009974
     0.299872   -0.009252
     0.307349   -0.008525
     0.314888   -0.007794
     0.322488   -0.007061
     0.330147   -0.006326
     0.337864   -0.005590
     0.345638   -0.004855
     0.353467   -0.004121
     0.361349   -0.003389
     0.369284   -0.002660
     0.377270   -0.001935
     0.385305   -0.001216
     0.393388   -0.000502
     0.401518    0.000205
     0.409693    0.000904
     0.417911    0.001594
     0.426171    0.002275
     0.434471    0.002945
     0.442810    0.003604
     0.451186    0.004250
     0.459598    0.004884
     0.468043    0.005503
     0.476521    0.006108
     0.485030    0.006697
     0.493567    0.007270
     0.502131    0.007826
     0.510721    0.008365
     0.519334    0.008885
     0.527969    0.009386
     0.536624    0.009867
     0.545297    0.010328
     0.553986    0.010768
     0.562689    0.011186
     0.571405    0.011583
     0.580132    0.011957
     0.588866    0.012309
     0.597607    0.012637
     0.606352    0.012941
     0.615100    0.013221
     0.623847    0.013477
     0.632592    0.013708
     0.641333    0.013914
     0.650067    0.014095
     0.658792    0.014251
     0.667506    0.014381
     0.676206    0.014486
     0.684889    0.014566
     0.693554    0.014619
     0.702198    0.014648
     0.710817    0.014651
     0.719410    0.014628
     0.727973    0.014580
     0.736505    0.014508
     0.745001    0.014411
     0.753458    0.014289
     0.761875    0.014144
     0.770247    0.013975
     0.778572    0.013782
     0.786845    0.013567
     0.795065    0.013330
     0.803226    0.013072
     0.811326    0.012792
     0.819360    0.012493
     0.827325    0.012174
     0.835217    0.011836
     0.843030    0.011480
     0.850762    0.011108
     0.858407    0.010719
     0.865961    0.010316
     0.873418    0.009898
     0.880773    0.009468
     0.888021    0.009026
     0.895156    0.008574
     0.902171    0.008112
     0.909061    0.007643
     0.915817    0.007168
     0.922433    0.006687
     0.928901    0.006204
     0.935212    0.005719
     0.941357    0.005234
     0.947326    0.004751
     0.953107    0.004273
     0.958688    0.003801
     0.964056    0.003337
     0.969195    0.002885
     0.974086    0.002447
     0.978711    0.002026
     0.983043    0.001625
     0.987052    0.001249
     0.990701    0.000902
     0.993938    0.000591
     0.996688    0.000324
     0.998825    0.000115
     1.000000    0.000000
