NACA 7512
     1.000000    0.000000
     0.998825    0.000495
     0.996688    0.001392
     0.993938    0.002542
     0.990701    0.003889
     0.987052    0.005397
     0.983043    0.007044
     0.978711    0.008809
     0.974086    0.010679
     0.969195    0.012640
     0.964056    0.014682
     0.958688    0.016794
     0.953107    0.018968
     0.947326    0.021196
     0.941357    0.023472
     0.935212    0.025788
     0.928901    0.028139
     0.922433    0.030519
     0.915817    0.032922
     0.909061    0.035345
     0.902171    0.037782
     0.895156    0.040229
     0.888021    0.042683
     0.880773    0.045138
     0.873418    0.047592
     0.865961    0.050042
     0.858407    0.052484
     0.850762    0.054915
     0.843030    0.057331
     0.835217    0.059732
     0.827325    0.062113
     0.819360    0.064472
     0.811326    0.066807
     0.803226    0.069116
     0.795065    0.071397
     0.786845    0.073647
     0.778572    0.075864
     0.770247    0.078048
     0.761875    0.080195
     0.753458    0.082305
     0.745001    0.084376
     0.736505    0.086406
     0.727973    0.088394
     0.719410    0.090339
     0.710817    0.092239
     0.702198    0.094093
     0.693554    0.095900
     0.684889    0.097659
     0.676206    0.099368
     0.667506    0.101028
     0.658792    0.102637
     0.650067    0.104194
     0.641333    0.105699
     0.632592    0.107150
     0.623847    0.108547
     0.615100    0.109890
     0.606352    0.111177
     0.597607    0.112409
     0.588866    0.113585
     0.580132    0.114704
     0.571405    0.115766
     0.562689    0.116770
     0.553986    0.117717
     0.545297    0.118605
     0.536624    0.119436
     0.527969    0.120208
     0.519334    0.120921
     0.510721    0.121576
     0.502131    0.122171
     0.493567    0.122708
     0.485030    0.123186
     0.476521    0.123605
     0.468043    0.123966
     0.459598    0.124268
     0.451186    0.124511
     0.442810    0.124695
     0.434471    0.124822
     0.426171    0.124891
     0.417911    0.124902
     0.409693    0.124855
     0.401518    0.124752
     0.393388    0.124591
     0.385305    0.124375
     0.377270    0.124103
     0.369284    0.123775
     0.361349    0.123392
     0.353467    0.122955
     0.345638    0.122465
     0.337864    0.121921
     0.330147    0.121324
     0.322488    0.120676
     0.314888    0.119976
     0.307349    0.119225
     0.299872    0.118425
     0.292459    0.117576
     0.285110    0.116678
     0.277827    0.115733
     0.270611    0.114742
     0.263464    0.113704
     0.256387    0.112622
     0.249381    0.111496
     0.242448    0.110327
     0.235588    0.109116
     0.228802    0.107863
     0.222093    0.106571
     0.215461    0.105240
     0.208908    0.103872
     0.202435    0.102466
     0.196042    0.101025
     0.189731    0.099549
     0.183503    0.098040
     0.177360    0.096499
     0.171302    0.094926
     0.165331    0.093324
     0.159448    0.091693
     0.153654    0.090035
     0.147949    0.088351
     0.142336    0.086642
     0.136815    0.084909
     0.131387    0.083154
     0.126053    0.081378
     0.120815    0.079583
     0.115674    0.077769
     0.110630    0.075938
     0.105684    0.074091
     0.100839    0.072229
     0.096094    0.070355
     0.091450    0.068468
     0.086910    0.066572
     0.082473    0.064665
     0.078141    0.062752
     0.073915    0.060831
     0.069796    0.058906
     0.065784    0.056976
     0.061881    0.055044
     0.058089    0.053111
     0.054406    0.051177
     0.050836    0.049245
     0.047378    0.047315
     0.044034    0.045389
     0.040804    0.043467
     0.037690    0.041552
     0.034693    0.039644
     0.031813    0.037744
     0.029051    0.035854
     0.026409    0.033974
     0.023886    0.032106
     0.021485    0.030251
     0.019206    0.028410
     0.017050    0.026583
     0.015018    0.024771
     0.013111    0.022976
     0.011329    0.021199
     0.009674    0.019440
     0.008146    0.017700
     0.006746    0.015980
     0.005476    0.014280
     0.004336    0.012602
     0.003327    0.010945
     0.002449    0.009310
     0.001704    0.007699
     0.001093    0.006111
     0.000616    0.004546
     0.000274    0.003006
     0.000069    0.001491
     0.000000   -0.000000
     0.000069   -0.001452
     0.000274   -0.002853
     0.000616   -0.004202
     0.001093   -0.005499
     0.001704   -0.006746
     0.002449   -0.007942
     0.003327   -0.009088
     0.004336   -0.010184
     0.005476   -0.011230
     0.006746   -0.012227
     0.008146   -0.013176
     0.009674   -0.014075
     0.011329   -0.014927
     0.013111   -0.015731
     0.015018   -0.016487
     0.017050   -0.017197
     0.019206   -0.017861
     0.021485   -0.018478
     0.023886   -0.019050
     0.026409   -0.019576
     0.029051   -0.020058
     0.031813   -0.020496
     0.034693   -0.020890
     0.037690   -0.021241
     0.040804   -0.021549
     0.044034   -0.021816
     0.047378   -0.022040
     0.050836   -0.022224
     0.054406   -0.022367
     0.058089   -0.022471
     0.061881   -0.022535
     0.065784   -0.022561
     0.069796   -0.022548
     0.073915   -0.022498
     0.078141   -0.022412
     0.082473   -0.022290
     0.086910   -0.022132
     0.091450   -0.021940
     0.096094   -0.021713
     0.100839   -0.021454
     0.105684   -0.021162
     0.110630   -0.020839
     0.115674   -0.020484
     0.120815   -0.020100
     0.126053   -0.019687
     0.131387   -0.019245
     0.136815   -0.018775
     0.142336   -0.018279
     0.147949   -0.017757
     0.153654   -0.017211
     0.159448   -0.016640
     0.165331   -0.016046
     0.171302   -0.015430
     0.177360   -0.014793
     0.183503   -0.014135
     0.189731   -0.013458
     0.196042   -0.012763
     0.202435   -0.012051
     0.208908   -0.011323
     0.215461   -0.010579
     0.222093   -0.009821
     0.228802   -0.009050
     0.235588   -0.008267
     0.242448   -0.007473
     0.249381   -0.006669
     0.256387   -0.005856
     0.263464   -0.005036
     0.270611   -0.004208
     0.277827   -0.003375
     0.285110   -0.002538
     0.292459   -0.001697
     0.299872   -0.000854
     0.307349   -0.000009
     0.314888    0.000835
     0.322488    0.001679
     0.330147    0.002520
     0.337864    0.003358
     0.345638    0.004192
     0.353467    0.005020
     0.361349    0.005842
     0.369284    0.006656
     0.377270    0.007462
     0.385305    0.008258
     0.393388    0.009044
     0.401518    0.009817
     0.409693    0.010578
     0.417911    0.011325
     0.426171    0.012057
     0.434471    0.012773
     0.442810    0.013473
     0.451186    0.014155
     0.459598    0.014818
     0.468043    0.015462
     0.476521    0.016086
     0.485030    0.016688
     0.493567    0.017269
     0.502131    0.017826
     0.510721    0.018360
     0.519334    0.018870
     0.527969    0.019354
     0.536624    0.019813
     0.545297    0.020246
     0.553986    0.020651
     0.562689    0.021029
     0.571405    0.021379
     0.580132    0.021701
     0.588866    0.021993
     0.597607    0.022256
     0.606352    0.022489
     0.615100    0.022691
     0.623847    0.022863
     0.632592    0.023005
     0.641333    0.023115
     0.650067    0.023195
     0.658792    0.023243
     0.667506    0.023259
     0.676206    0.023244
     0.684889    0.023198
     0.693554    0.023121
     0.702198    0.023012
     0.710817    0.022873
     0.719410    0.022702
     0.727973    0.022502
     0.736505    0.022271
     0.745001    0.022010
     0.753458    0.021720
     0.761875    0.021401
     0.770247    0.021053
     0.778572    0.020678
     0.786845    0.020276
     0.795065    0.019848
     0.803226    0.019394
     0.811326    0.018915
     0.819360    0.018413
     0.827325    0.017888
     0.835217    0.017341
     0.843030    0.016773
     0.850762    0.016186
     0.858407    0.015581
     0.865961    0.014959
     0.873418    0.014321
     0.880773    0.013668
     0.888021    0.013004
     0.895156    0.012328
     0.902171    0.011643
     0.909061    0.010950
     0.915817    0.010251
     0.922433    0.009549
     0.928901    0.008845
     0.935212    0.008142
     0.941357    0.007442
     0.947326    0.006747
     0.953107    0.006061
     0.958688    0.005385
     0.964056    0.004723
     0.969195    0.004079
     0.974086    0.003456
     0.978711    0.002859
     0.983043    0.002292
     0.987052    0.001760
     0.990701    0.001271
     0.993938    0.000832
     0.996688    0.000456
     0.998825    0.000162
     1.000000    0.000000
